# R script for Peak Model
#  -- generated by MACS
p <- c(0.041568017314502693,0.04845888712245244,0.05536431603813396,0.062252979920669804,0.06921708645236113,0.06917208557391752,0.06912664351039112,0.06919238008772542,0.06918840942198039,0.0690428183446628,0.06906046574797403,0.06908296618719584,0.06899472917063972,0.06894663999661664,0.06879751943863681,0.06894840473694776,0.06893472799938156,0.0689497282921961,0.06899914102146752,0.06911605506840438,0.06918885060706317,0.0691178198087355,0.06923296911534123,0.06928502895510934,0.0693450301263675,0.06916149713193077,0.06921664526727835,0.06917605623966254,0.06897443465683181,0.0691359083971295,0.06906443641371905,0.06914649683911624,0.06911252558774214,0.06909399581426535,0.06915046750486126,0.06917208557391752,0.0691539969855235,0.06920693919545717,0.06952018060423139,0.06966488931138341,0.06977959743290636,0.06993886524779015,0.07011225098532291,0.07026048917313718,0.07022210607093528,0.07030416649633246,0.070301078200753,0.07032975523113373,0.07013475142454471,0.06991592362348556,0.06980342142737651,0.0698197452754394,0.07119624273371478,0.07234376513402704,0.07358128929122655,0.07435380437117532,0.0753694124317362,0.07560147578527879,0.07587324579627162,0.0760100131719336,0.07603824901723155,0.07590059927140401,0.07444380612806256,0.0733576084542568,0.0723084703274046,0.07156198516733987,0.07061784909018945,0.0702896073886007,0.07003592596600187,0.06988680540802204,0.06975930291909846,0.0696785660489496,0.06958724073681403,0.06938253085840385,0.06917252675900029,0.06902340620102046,0.06881472565686525,0.06877898966516002,0.06876178344693158,0.0688341378005076,0.06894575762645108,0.0690132589441165,0.0690181119800271,0.06904899493582173,0.06907723078111969,0.06923914570650017,0.06940194300204619,0.06944297321474478,0.0695038567561685,0.06944076728933088,0.0694107667037018,0.06938473678381775,0.0694994449053407,0.06945929706280767,0.06947032668987718,0.06937944256282438,0.06929694095234441,0.06936664819542375,0.06927841117886763,0.06942709055176469,0.06939973707663229,0.06940900196337067,0.06937106004625156,0.0694879740931884,0.06944032610424809,0.0694945918694301,0.06954885763461212,0.06947385617053942,0.06959341732797296,0.0694813563169467,0.06951444519815524,0.06944959099098649,0.06936973649100321,0.06927708762361928,0.06933179457388408,0.069337971165043,0.06931194124515895,0.06943635543850307,0.06936488345509262,0.06932208850206291,0.0693357652396291,0.06947782683628445,0.06962959450476096,0.06982945134726057,0.06986474615388301,0.06989739385000877,0.06996754227817088,0.06988371711244258,0.06992518851022395,0.0702282826620942,0.0702715188002067,0.07030151938583577,0.07030946071732583,0.07024901836098489,0.07038799166206076,0.07024019465932928,0.0703169608637331,0.0703985801040475,0.07043078661509049,0.07021945896043859,0.070319166789147,0.07027240117037226,0.07027681302120006,0.07042372765376599,0.07025695969247493,0.07032754930571983,0.0702101940737002,0.07028475435269012,0.07030504886649802,0.07031034308749139,0.07032490219522315,0.07043431609575272,0.07042416883884878,0.0702556361372266,0.07032666693555427,0.07037916796040515,0.07051284704048767,0.07049652319242479,0.07058873087472593,0.07061520197969276,0.0706121136841133,0.07059314272555374,0.0706893210735999,0.070827853189593,0.07094476723652984,0.07101535684977474,0.07117638940498965,0.0711865366618936,0.07116447740775457,0.07113227089671159,0.0709981506315463,0.07085123599898037,0.07072858654596736,0.07060770183328549,0.07060902538853384,0.07052784733330221,0.07022298844110084,0.07015725186376653,0.07004386729749192,0.07014048683062087,0.0702238708112664,0.0703826974410674,0.07050578807916318,0.0705075528194943,0.07045461060956064,0.07055343606810348,0.07062314331118281,0.07070476255149721,0.07078196994098382,0.07078770534705997,0.07070696847691112,0.07071049795757336,0.07058608376422924,0.07066682063437808,0.07057726006257363,0.07055784791893129,0.07068667396310321,0.07074005735811967,0.07070873321724225,0.07059931931671266,0.07077138149899709,0.07082961792992412,0.07091300191056965,0.07089182502659618,0.0708777071039472,0.07094785553210932,0.07081285289677845,0.07067740907636483,0.0707210863995601,0.0707550576509342,0.07076785201833484,0.0707687343885004,0.07076696964816928,0.07081770593268905,0.07094520842161263,0.07089182502659618,0.07102020988568533,0.07117903651548634,0.07127786197402917,0.07138154046848262,0.07134403973644626,0.07124344953757229,0.07120197813979093,0.07112962378621492,0.07116712451825126,0.07116271266742345,0.07120286050995649,0.0712593322005524,0.0713683049159992,0.0714137469795256,0.07138683468947599,0.07165286929439267,0.07176007726950835,0.07196964018382912,0.07210817229982222,0.07212934918379568,0.07217920309814989,0.07211214296556724,0.07205390653464021,0.07219287983571608,0.07218273257881214,0.07191449204848155,0.07195331633576624,0.07187081472528627,0.07186904998495515,0.07206052431088192,0.0720631714213786,0.07198684640205756,0.07201199395177606,0.07187302065070017,0.07198905232747146,0.07211611363131226,0.07201905291310054,0.07202787661475615,0.07192993352637887,0.07184081413965719,0.07184169650982275,0.07192993352637887,0.07183684347391217,0.07181125473911089,0.07176934215624674,0.07167757565902838,0.0716908112115118,0.07174772408719049,0.07173095905404483,0.07177904822806791,0.07171816468664419,0.0716158097474391,0.07158757390214114,0.0715906621977206,0.07162860411483973,0.07184654954573334,0.07200758210094825,0.07191360967831599,0.07206581853187528,0.07201419987718996,0.07208523067551763,0.07221846857051736,0.07234641224452372,0.07233979446828202,0.07243729637157652,0.07233361787712309,0.07222685108709019,0.07232258825005358,0.07233141195170918,0.0724492083688116,0.07239758971412627,0.07248450317543405,0.072512739020732,0.07255862226934118,0.07250259176382805,0.07264332980523505,0.07267641868644359,0.0726808305372714,0.07262215292126159,0.07250876835498697,0.07264818284114563,0.07292789418362852,0.0734414336199851,0.0742611555037914,0.07592265852554304,0.07811711312729361,0.08070422245271888,0.08341221649082603,0.08636153876921415,0.09003881643419022,0.09397639329800682,0.09764396489116171,0.10104461950923437,0.10410909109422821,0.1064394307014752,0.10806475654643882,0.10943772452405195,0.11061171802933106,0.11143761650429629,0.11173144576942816,0.111743798951746,0.11170894533020634,0.11161144342691183,0.1117892410152724,0.11177600546278899,0.11188850765889803,0.111812182639577,0.11187041907050403,0.11207865842957646,0.11202615740472557,0.11204248125278846,0.11197939178595083,0.11207512894891422,0.11198556837710977,0.11208174672515593,0.11193747920308668,0.11206145221134801,0.11212189456768897,0.11212674760359954,0.11221674936048678,0.11199174496826869,0.11206806998758972,0.11220130788258946,0.11231336889361572,0.11241175316707579,0.11245851878585053,0.11260631578858203,0.11249646070296966,0.11243513597646317,0.1125794034985324,0.11274881857032015,0.11287852698465764,0.11284896758411134,0.11279690774434323,0.11260146275267144,0.1127907311531843,0.11264822837144618,0.11285999721118085,0.11304397139070035,0.11289793912829998,0.11305500101776987,0.11298794088518722,0.11294955778298531,0.11293499867525356,0.11302367687689245,0.11294691067248863,0.11296632281613098,0.11286043839626364,0.11281014329682665,0.11289088016697549,0.11275543634656186,0.11278146626644592,0.11284720284378022,0.11296279333546873,0.11297161703712434,0.1128520558796908,0.11293632223050189,0.11309867834096514,0.1131882389127696,0.11322662201497151,0.11331618258677596,0.11343000833813335,0.11344324389061677,0.11355089305081523,0.11368368976073218,0.11399604879934083,0.11405913826617844,0.11407943277998636,0.11407855040982079,0.11415134594847959,0.1142395829650357,0.1141853171998537,0.11428590739872767,0.11432252576059845,0.11437061493462153,0.11426517169983698,0.11423870059487014,0.11427796606723761,0.11430620191253557,0.11448311713073057,0.11449502912796565,0.11463356124395875,0.11465606168318056,0.11474871055056449,