# R script for Peak Model
#  -- generated by MACS
p <- c(0.043418116388240516,0.05079750873020943,0.05816238542459149,0.0658048738790722,0.07314071927828054,0.07508944496681623,0.07493521621120587,0.07557934807287268,0.07621077874290101,0.07572994791658634,0.07598578620530472,0.07592772361495728,0.07640673998532359,0.07586421765676478,0.07549769755519661,0.07514024973337023,0.07806333826617376,0.07957296561520698,0.08171402363426854,0.08294966813509982,0.08471694822879977,0.08456816284103448,0.08588182894764512,0.08708118432950926,0.08860169841423264,0.08863254416535471,0.08600158304023671,0.08669651966845753,0.08492198175096415,0.08499455998889843,0.08404015616006252,0.08405104289575266,0.08198619202652212,0.08048745141317903,0.08073603187810398,0.08003565188203808,0.0809174774729397,0.07776758194659153,0.07642125563291045,0.07507674377517773,0.07353627067502243,0.0739916991180601,0.07398625575021503,0.07468663574628093,0.07312257471879698,0.07300100617025704,0.07217179980185778,0.07501505227293359,0.07650290615058652,0.07719602832285899,0.07724683308941299,0.07727767884053507,0.07762968329451637,0.0775099292019248,0.07764964230994831,0.07803975033884511,0.0779508419973756,0.07639585324963345,0.07644302910429074,0.07619263418341744,0.07648113267920624,0.07669160956921568,0.07632327501169915,0.07731578241545058,0.0766952384811124,0.07547773853976468,0.07397536901452488,0.07190688923339762,0.06979667696545815,0.06816729552383334,0.06712579780947628,0.06542928149776225,0.064752489429025,0.06262776151349868,0.062059836801662854,0.06181851416053134,0.06169876006793976,0.06195096944476142,0.06187839120682713,0.06207616690519807,0.06207616690519807,0.062235839028653504,0.061938268253122916,0.06198544410778021,0.062183219806151144,0.06216870415856429,0.062462646022198164,0.062435429182972804,0.0625588121874611,0.06270941203117475,0.06259873021832496,0.062462646022198164,0.06283098057971469,0.06274025778229682,0.06276021679772875,0.06293440456877104,0.06284549622730154,0.06272755659065832,0.06282009384402454,0.06290174436170061,0.06303782855782741,0.06324830544783686,0.06318479948964435,0.06333358487740964,0.06325193435973356,0.06297613705558326,0.06315758265041899,0.06327370783111386,0.063309996950081,0.06323378980024999,0.06325737772757864,0.06305415866136263,0.06297613705558326,0.06286726969868182,0.06293440456877104,0.06346966907353643,0.06345878233784628,0.06352047384009044,0.06326282109542371,0.06315395373852227,0.0630469008375692,0.06316302601826405,0.06306504539705277,0.06311585016360677,0.0630723032208462,0.06260780249806674,0.06244087255081788,0.06253340980418409,0.06291081664144241,0.06321564524076642,0.06349870036871015,0.06344426669025943,0.06366925922785573,0.06374183746579003,0.06383256026320788,0.06392146860467739,0.0638488903667431,0.06405392388890746,0.06406481062459761,0.06384163254294967,0.06376361093717031,0.06389243730950367,0.0639504998998511,0.06386522047027832,0.06370191943492616,0.06382711689536281,0.06401400585804361,0.06374002300984166,0.06376179648122195,0.06402489259373376,0.06430976217762584,0.06402852150563046,0.06378901332044731,0.06402307813778539,0.0641500900541704,0.06415916233391218,0.06412831658279011,0.06417912134934411,0.06417912134934411,0.0640611817127009,0.06383074580725953,0.06417730689339576,0.06447850658082306,0.06430976217762584,0.06403759378537226,0.06401400585804361,0.0641246876708934,0.0642861742502972,0.06444040300590756,0.06426802969081362,0.0643877837834052,0.06450572342004843,0.06439322715125027,0.06454201253901556,0.06491034709653208,0.06490308927273866,0.06477063398850857,0.06491941937627388,0.0646889834708325,0.06491941937627388,0.0648250676669593,0.06460370404125972,0.06469079792678085,0.06499925543800159,0.06509542160326452,0.06510812279490302,0.0651643709293021,0.06508634932352274,0.0650627613961941,0.0650917926913678,0.06521880460775281,0.06545649833698762,0.06528231056594533,0.06495026512739595,0.06499199761420817,0.06518614440068239,0.0652242479755979,0.06514259745792181,0.06534037315629275,0.06550004527974819,0.0655036741916449,0.06565608849130691,0.06582120398260742,0.06575769802441492,0.06564520175561678,0.06557262351768248,0.06546738507267776,0.06544198268940075,0.06557443797363084,0.06552181875112847,0.06558351025337263,0.06549641636785147,0.06533492978844768,0.0654020646585369,0.06566153185915198,0.06555085004630219,0.06590829786812857,0.06573411009708628,0.06569237761027406,0.06563431501992663,0.06564338729966841,0.06555992232604398,0.06593732916330229,0.0660897434629643,0.06609518683080937,0.06638731423849488,0.06632199382435403,0.06684274268153255,0.06696068231817577,0.06692076428731192,0.06675927770790811,0.06681371138635883,0.06662319351178132,0.06663045133557476,0.06675564879601141,0.06673024641273441,0.0669552389503307,0.06680826801851376,0.06667036936643861,0.06685544387317105,0.0668917329921382,0.06722196397473922,0.06753949376570173,0.06765380449044824,0.06742518304095522,0.06744877096828387,0.06733627469948572,0.06730542894836365,0.06751046247052801,0.06759574190010081,0.06773908392002104,0.06733083133164065,0.06721107723904908,0.06720381941525565,0.06726006754965472,0.06734897589112422,0.06743969868854209,0.06753586485380501,0.06743425532069701,0.06730542894836365,0.06746328661587073,0.06771005262484732,0.06779896096631682,0.06780984770200696,0.06802395350391312,0.06810741847753755,0.06807657272641549,0.06839954588522307,0.06817818225952349,0.06827071951288971,0.06816003770003991,0.06819088345116199,0.06814007868460799,0.06833422547108221,0.06833603992703056,0.06832696764728878,0.06834692666272071,0.0680838305502089,0.0683305965591855,0.06816548106788499,0.06817273889167841,0.06810197510969249,0.06822717257012913,0.06821991474633571,0.06837958686979113,0.06858099148005879,0.06855014572893672,0.06852474334565972,0.06882594303308702,0.06941201230440641,0.06963519038605435,0.06961704582657079,0.06966059276933136,0.06961886028251914,0.0695989012670872,0.0695734988838102,0.06976583121433608,0.07010876338857559,0.07030653908694653,0.07027569333582447,0.07243671037031794,0.07654100972550203,0.08069429939129176,0.08499274553295008,0.08911881835951445,0.09487608708365199,0.10182545336586024,0.10846636213684775,0.11495122769627655,0.12166652916114672,0.12646576514455163,0.12966102206960872,0.13232101448990047,0.1348140769629433,0.13760471021151677,0.13824158424939015,0.1380873554937798,0.13780067145393934,0.13824884207318358,0.13821073849826807,0.13815993373171406,0.13788413642756378,0.13782607383721635,0.13807283984619292,0.1377970425420426,0.13797667368093,0.13821618186611315,0.13869338378053112,0.13839036963715545,0.13804562300696757,0.13805106637481263,0.13794764238575627,0.138078283214038,0.13807646875808963,0.13839762746094886,0.13883491134450296,0.13865709466156395,0.13869156932458274,0.1387877354898457,0.13944275408720264,0.13979838745308065,0.1400814425810244,0.13985463558747974,0.13983286211609944,0.13965323097721208,0.1395588792678975,0.13976935615790695,0.13952440460487872,0.13930304097917914,0.1393048554351275,0.13880043668148417,0.13902724367502883,0.13908893517727297,0.13907441952968613,0.13908712072132462,0.13919235916632935,0.1391433688557237,0.1392232049174514,0.13961694185824494,0.13970040683186938,0.13980201636497738,0.13962782859393508,0.13984011993989287,0.14000160651929666,0.1402338568806864,0.14033365195784606,0.14045340605043763,0.14028647610318876,0.14014857745111362,0.1398473777636863,0.13975121159842338,0.13983467657204782,0.14014857745111362,0.1403663121649165,0.14034272423758784,0.13999071978360653,0.13996894631222626,0.14003608118231547,0.13988548133860182,0.14024111470447984,0.14040623019578033,0.14050421081699163,0.14037719890060663,0.13985282113153139,0.13993810056110417,0.1401540208189587,0.13994172947300088,0.14039352900414184,0.14038445672440006,0.14007418475723096,0.14032095076620754,0.13993810056110417,0.13985100667558303,0.13977298506980365,0.13982923320420274,0.13975665496626843,0.1404207458433672,0.1404624783301794,0.14040985910767706,