# R script for Peak Model
#  -- generated by MACS
p <- c(0.04505889459373772,0.052495404799840606,0.059953587467008636,0.06745293100984301,0.07489464932674449,0.0748165276647655,0.07478645502499295,0.07467254860172036,0.0746431479762444,0.07462769164742275,0.07471673354172138,0.07474899022795786,0.07482627187206611,0.07476948666400397,0.07471236544879352,0.07468464485905904,0.07465171615852596,0.07467658068749992,0.07461660341152897,0.0746226515401983,0.07467742070537067,0.07466263639084561,0.07451395322772432,0.07450320099897882,0.07444691980163912,0.07428462834901181,0.07415072950041557,0.07397600578330127,0.07392123661812891,0.07383673082033229,0.07371056013614687,0.07364705478511879,0.07361143802739933,0.0735341563832911,0.0735595249229875,0.07358405344481316,0.07354541262275903,0.07360454988085925,0.0736265583490727,0.07358724551272197,0.07354927670496444,0.07346813097865079,0.0734424264318061,0.07338345717728002,0.07330936760108059,0.07328887116503449,0.07332129585484513,0.07327677490769581,0.0732107495030555,0.07315379629141922,0.07300813719263259,0.07300091303894421,0.07301099325339311,0.07303300172160655,0.07306223434350836,0.07307248256153141,0.07308541883674083,0.0730477860361316,0.07300494512472377,0.0729345516271556,0.07301015323552237,0.07292564743772574,0.07291170314107143,0.07289742283726883,0.07286617417247723,0.07282753335042311,0.07273513138464151,0.07276822808874873,0.07274756364912849,0.0726958185482908,0.07259568841809837,0.07261702487201521,0.07250009438440795,0.0724748938482857,0.07247623787687889,0.07248279001627067,0.0724241567688929,0.07236216345003216,0.07232436264584878,0.07226925747352811,0.07233192280668545,0.07235006719269348,0.07239946024349309,0.07238383591109729,0.07234183501756021,0.07226824945208322,0.07226001727694996,0.07227396157360427,0.07220155203314632,0.07226589740204514,0.07226186531626559,0.07228538581664636,0.07226186531626559,0.07217651950059822,0.0721222543461483,0.07209302172424649,0.07214627885725151,0.07205303687359918,0.07208747760629959,0.07211855826751704,0.07199809970485266,0.07193913045032659,0.07193157028948992,0.0719989397227234,0.07203119640895989,0.07207907742759218,0.07208831762417034,0.07211267814242184,0.07220524811177759,0.07222860060858421,0.07232083457079166,0.07242264473672556,0.0724352450047867,0.07240718840790392,0.07238417191824559,0.07234536309261733,0.07227278554858522,0.07234754713908124,0.07232923474949908,0.07230840230630468,0.07237778778242795,0.0722858898273688,0.07232839473162833,0.07226556139489684,0.07233881095322553,0.0723011781526163,0.07242130070813238,0.07238198787178166,0.07243188493330373,0.07235325926060229,0.0723932441112496,0.07240718840790392,0.0723435150533017,0.07240802842577465,0.07234334704972754,0.07246145356235384,0.07239005204334079,0.07235225123915741,0.0722146563119299,0.07225346513755816,0.0722032320688878,0.07222641656212028,0.07222272048348902,0.07211335015671844,0.07214627885725151,0.0720965497993036,0.07219399187230965,0.07230201817048704,0.0723525872463057,0.07235981139999408,0.07227160952356619,0.07215182297519841,0.0721225903532966,0.07212830247481765,0.07210847805306814,0.07200515585496689,0.07182169595199689,0.07176188667960008,0.07175281448659607,0.07174458231146279,0.07170375744294474,0.07171719772887661,0.07166494861731647,0.07176575076180548,0.07170006136431348,0.07174491831861109,0.07177263890834557,0.07160799540568018,0.0715438180403555,0.07145259209959295,0.07142755956704484,0.07138203059845064,0.07132625341183338,0.07121385902072813,0.07116564199494756,0.07109608851525014,0.07105139956452668,0.07111591293699963,0.07104064733578118,0.07102922309273908,0.0709862141777571,0.07092825294467593,0.07093530909479015,0.07087247575805868,0.07085617941136628,0.07083685900033922,0.07082946684307669,0.07075907334550853,0.07076848154566084,0.07074848912033718,0.07064583893653253,0.07061845435394636,0.07050387591637718,0.07049043563044531,0.07044994676907555,0.0704042497969072,0.07030848775964263,0.07022347795112356,0.07023792625850032,0.07008588302389607,0.07006505058070167,0.06997029656488199,0.0699637444254902,0.06994156795370263,0.06991586340685793,0.06986059023096311,0.06976180412936388,0.0697288754288308,0.0696374814844941,0.06964319360601515,0.06967981838517948,0.06968889057818349,0.06965058576327766,0.06957851222996803,0.06949770251080266,0.06940446052715032,0.06941890883452709,0.0693772439481383,0.069320290736502,0.06933725909749099,0.06937640393026755,0.06937690794099,0.06939354029483068,0.0693664917193928,0.06942646899536375,0.06944494938852008,0.06945082951361527,0.06949854252867341,0.06952323905407322,0.06951769493612632,0.06931642665429659,0.06930920250060821,0.0692692176499609,0.06930080232190079,0.06916001532676447,0.06917026354478752,0.0691455670193877,0.06908558974341675,0.06897621941664617,0.06892615435154995,0.0690902938434929,0.06903989277124839,0.06905014098927144,0.06902796451748386,0.06906526131094479,0.06903082057824438,0.06901805230660911,0.0690385487426552,0.06913481479064221,0.069242169074523,0.06909785400432958,0.06910289411155403,0.0690899578363446,0.06906408528592575,0.06905534910007004,0.06913531880136466,0.06924603315672842,0.0692643455463106,0.06927224171429557,0.06915211915877949,0.06925308930684265,0.06929962629688174,0.06935859555140782,0.06946746186745596,0.06955263967954918,0.06959531258738286,0.06950694270738082,0.06954894360091791,0.06960724084114739,0.06969897079263239,0.06971761918936287,0.069734755553926,0.06973307551818451,0.06976886027947811,0.06979053274054325,0.06981657329453625,0.06993215975355031,0.07002002562282991,0.07010637945994216,0.07018214907188307,0.07024733445865264,0.07030025558450936,0.07034578455310357,0.0703483046067158,0.07040088972542423,0.07046893117295432,0.07057645346040926,0.0705984619286227,0.07061929437181709,0.07068414375143836,0.07070632022322594,0.07084979527554865,0.07098251809912584,0.07104854350376615,0.07110331266893852,0.0710939044687862,0.07112985723365395,0.07149660903601981,0.07201926815519535,0.07285491793300929,0.07413409714657487,0.07568577815740911,0.07758925865251,0.07968241518282437,0.08210670675778517,0.08482970868758175,0.08755707871030619,0.09007931636899547,0.09238902950638708,0.09426529342247594,0.09578572576851857,0.09694915051949594,0.09781100885487702,0.098574249092233,0.09906481952874621,0.09926171971764809,0.09936235385856296,0.09938990644472329,0.09945307578860306,0.0997561542363667,0.09992449381766336,0.09998379907933773,0.10012811414953117,0.10013651432823859,0.10019464356489391,0.10032551834915548,0.10046932940862648,0.10057130757813453,0.10064707719007544,0.10059953217859145,0.10072419083060953,0.10090513067996731,0.10088614627608855,0.10101550902818279,0.10115948809122793,0.10123290565313076,0.10127373052164881,0.10129321893625003,0.10150658347541844,0.10166433883154374,0.10178496539778227,0.10191096807839353,0.1021140843995389,0.10211173234950081,0.10206250730227535,0.1020782996382453,0.1020616672844046,0.10212114054965313,0.1020060581013615,0.10198388162957392,0.10189265568881137,0.10183805452721315,0.10181285399109088,0.10190071986037048,0.10186140702401977,0.10183671049861996,0.10181453402683238,0.10180915791245963,0.1017402764470588,0.10160671360561085,0.10149230317161582,0.10147315076416291,0.10139721314864786,0.10136546047313381,0.10124012980681914,0.1011423517266648,0.10101298897457056,0.10091084280148836,0.10085237755768474,0.10080886463198031,0.10075426347038209,0.10068252594422074,0.1005034341341786,0.10037843947501221,0.10036163911759738,0.10018825942907628,0.10022572422611135,0.10009031334534778,0.10003084008009927,0.0999913592401744,0.09999623134382471,0.09986367652382165,0.0999406221607816,0.09986199648808017,0.09984570014138777,0.09995372643956517,0.09992130174975454,0.09987493276328958,0.09979529906914326,0.09979580307986571,0.09965988818837969,0.0996894568174298,0.09965047998822739,0.09972658560731659,0.0996689603813837,0.0995372455792514,0.09943274735613111,0.09951338907172233,0.09963065556647788,0.09965484808115524,