# R script for Peak Model
#  -- generated by MACS
p <- c(0.045151565506677434,0.05262324970482978,0.06026108992776961,0.0677306393590082,0.07519787612609022,0.07518257696320828,0.07519965509851835,0.07512031292822369,0.07511284124402552,0.07508704614381762,0.0750569815097822,0.07509060408867388,0.07493316502878425,0.07494330517162459,0.07498012990088691,0.0749244480638864,0.07478711139243464,0.07470278809934121,0.07466044855555168,0.07468535416954553,0.07463607663328628,0.07454819539533658,0.07455833553817694,0.0744604920546297,0.07435304211997056,0.07440196386174418,0.07443327377647929,0.07442348942812457,0.07428988859877189,0.07494686311648086,0.07527650670741362,0.0753019460131359,0.07524128305333662,0.07554210729093366,0.0756616542381041,0.07566663536090287,0.07575985351613695,0.07574170799737001,0.07577764324041827,0.07501713252739205,0.0748109496229716,0.07485293337227551,0.07694713971467193,0.07827496473502929,0.07838899686767252,0.07822533140428442,0.07816787059485578,0.07820932065243123,0.07822764406844099,0.07833758456449952,0.07818548242189427,0.07832370857956009,0.07643728621676944,0.07542042557684947,0.07517101364242543,0.07561611254394393,0.07546632306549526,0.07549727718574474,0.07566183213534691,0.0756886946190117,0.07594379926520575,0.07685054151182438,0.07664293542946143,0.07691796456685057,0.07730862691206825,0.07685178679252408,0.07682456851437366,0.07662229934929511,0.07646752874804767,0.07623732971584746,0.07590199341314467,0.07473480960304758,0.0745727452148448,0.07364536688805984,0.0732173461218514,0.07318532461814503,0.07327961015683601,0.07339826761779238,0.07322997682609114,0.07322019247773641,0.07309708758570971,0.07297985330269585,0.07296882367364144,0.07293698006717787,0.07282437111247715,0.07279359488947047,0.07273453300485651,0.07259595105270507,0.072646473869664,0.07271834435576051,0.0727830989521445,0.07282490480420559,0.07276975665893351,0.07270233360390733,0.07265696980698998,0.07261249549628669,0.07253101855907827,0.07261089442110137,0.07263455475439552,0.07255129884475897,0.07258883516299254,0.07254898618060239,0.07255485678961524,0.0725313743535639,0.07262957363159675,0.07267173527814347,0.07268934710518198,0.07267458163402848,0.07264896443106339,0.07265874877941811,0.07253066276459263,0.0725422260853755,0.07262032297497047,0.07264558438344994,0.07256054950138525,0.07253902393500486,0.07252230159418042,0.0724516763887836,0.0724801399476337,0.07237678164955927,0.07242374652166193,0.07243032871964603,0.0724166306319494,0.07240880315326563,0.07243477615071635,0.07252319108039448,0.0725678432883406,0.07258794567677848,0.07250522345887037,0.07254542823574613,0.07255752524825743,0.07248707794010342,0.07247249036619274,0.07241467376227846,0.07240079777733904,0.07231416182008904,0.0723285714967569,0.07236272776737702,0.07235881402803514,0.07236504043153359,0.07233764425614037,0.07241182740639346,0.07240061988009623,0.07244971951911265,0.07249970864434316,0.07252746061422201,0.07246999980479335,0.07241431796779284,0.0723975956269684,0.0724070241808375,0.07241271689260752,0.07236735309569017,0.07228053924119734,0.0722177415144843,0.07218198416867887,0.07216401654715474,0.0721376877552184,0.07208271750718913,0.07212007592817989,0.07206812993327845,0.07202774725915986,0.07198434033191345,0.07201511655492013,0.07202152085566141,0.0719268795224848,0.07174720330724352,0.07173368311678972,0.07174435695135851,0.07167052959559106,0.07163210379114342,0.07164633557056846,0.07164028706431282,0.07157695564587134,0.07160630869093551,0.07161787201171836,0.0716819150191311,0.07158780737768294,0.07155560797673376,0.07158940845286826,0.07166928431489136,0.07160862135509208,0.07151237894673017,0.07152874549306898,0.0714141796686973,0.07139603414993036,0.07126581336819114,0.071328788992147,0.07134853558609926,0.07129623379671218,0.07115480548867573,0.07110090262410335,0.07109058458402018,0.07105998625825632,0.07101853620068085,0.07099647694257202,0.07100359283228455,0.07089169546655508,0.07081128591280353,0.07072945318110949,0.0707363911735792,0.07071433191547037,0.07066843442682458,0.07063836979278915,0.07067768508345086,0.07067323765238052,0.07071237504579943,0.07059994398834152,0.07045566932442004,0.07044250492845187,0.07036351855264283,0.07030285559284355,0.07032171270058174,0.07015662405925113,0.07004614987146417,0.06994421475133224,0.06985544402716848,0.06993496409470595,0.06995204223001601,0.06982804785177525,0.06985384295198316,0.06979424737564074,0.069711169363247,0.06975386470152216,0.06978108297967257,0.06972789170407144,0.06987358954593542,0.06981719611996365,0.0698545545409544,0.06982395621519055,0.06976098059123469,0.06976026900226344,0.06978357354107197,0.06974532563386714,0.06969053328308068,0.06975137414012278,0.069656910704189,0.06966954140842874,0.069621687050112,0.0696204417694123,0.06962737976188202,0.06956155778204115,0.06948737463178807,0.06947509972203396,0.06943809709552883,0.06929915934889175,0.06913976341933117,0.06911877154467921,0.06905117059241021,0.06901007632932038,0.06894247537705138,0.06900687417894974,0.06900936474034913,0.06902875553981576,0.06905010320895334,0.06909564490311351,0.06914812458974338,0.06914367715867306,0.06918583880521978,0.0692566419078594,0.0692714073790129,0.06930520785514739,0.06931783855938713,0.06938704058684145,0.06937974679988611,0.06942760115820285,0.06956422624068334,0.06958041488977934,0.06963307247365204,0.06968519636579629,0.0697177515612311,0.06971010197979013,0.0696908890775663,0.06968395108509659,0.06975849002983531,0.06982022037309148,0.06974123399728244,0.0697828619521007,0.0698543766437116,0.06987572431284918,0.06991450591178244,0.06995346540795852,0.0700344086534385,0.07011410661821879,0.07015697985373677,0.07024628426962896,0.07037152392856942,0.0704401922642953,0.07045157768783535,0.07050690373035023,0.0706513562915145,0.070733722714937,0.07084971171725117,0.0708271187674139,0.07090343668458075,0.0708973881783251,0.0708676793387753,0.07094239618075683,0.0713234520748626,0.0719403997129386,0.07274058151111217,0.07400720987994179,0.07567997765411386,0.07776706810679775,0.07996214218586921,0.08244932353763988,0.08518146939276425,0.0881486175056448,0.09072866121816393,0.09301891032214044,0.09503555346667032,0.09660816509313858,0.09787763981785322,0.09864081898952164,0.0993977717576916,0.09981298392241748,0.10009744161367572,0.1000106277591829,0.10005705893955713,0.10022285916985899,0.10035201256814134,0.10053755939239545,0.1006097856729776,0.10090171504843397,0.10105986569729486,0.10115646390014241,0.10119079806800535,0.101367272132876,0.10150994572161214,0.10165582146071891,0.10176576195677745,0.10180792360332416,0.10181059206196637,0.10187890460320662,0.10177625789410343,0.10194116863819122,0.10205626815429132,0.10208206325449923,0.10200254318696175,0.10193885597403464,0.1020423921693519,0.10221904413146536,0.10234161533176361,0.10237719478032625,0.10251791149939145,0.1024725477024741,0.10249514065231137,0.10247486036663067,0.102649733356316,0.10272996501282473,0.10268228855175081,0.10261753395536681,0.10269865509808962,0.10265240181495819,0.10264208377487503,0.10273121029352442,0.10281375461418972,0.10287317229328931,0.1029649672705809,0.10293365735584578,0.10293383525308859,0.10292084875436323,0.10287904290230215,0.10287281649880368,0.10284221817303983,0.10275896226340327,0.10257732917849105,0.10247877410597256,0.10235175547460397,0.10225426778554236,0.10218257519668866,0.10210679097125026,0.10195913625971534,0.10185951380373998,0.10178728752315784,0.10167254380154336,0.10168090497195557,0.10167503436294274,0.10156527176412702,0.10154641465638883,0.10143273831823123,0.10121961742134107,0.10115842076981335,0.10118795171212033,0.10111999496536571,0.10111732650672352,0.10098336988288521,0.10088250214621015,0.10080440525661519,0.10072310621664957,0.10076953739702381,0.10084870167007566,0.10086987144197042,0.1007343137429468,0.10062455114413109,0.10054609846005048,0.10044647600407512,0.10037567290143548,0.10027889680134514,0.1001878134130248,0.10001845523786668,