# R script for Peak Model
#  -- generated by MACS
p <- c(0.04633882691043576,0.05393202932993282,0.06150824223291266,0.0691017622134661,0.0767365651313511,0.07690646029652325,0.07780865125774573,0.07781468491781728,0.07791789226114613,0.07815479280921794,0.07766082658599316,0.07759588534996008,0.0775382480182241,0.0774569523877866,0.07736898797516477,0.07732246528040268,0.07684072515784916,0.07668766072866604,0.07643043627298486,0.07605761959277536,0.07607651447563095,0.07602824519505869,0.07601189080065426,0.07605873105647275,0.07627880086855553,0.07600395177424435,0.07551490774739371,0.0754528245608682,0.07522830889399586,0.07560366606265655,0.07585723856618916,0.07583326270643122,0.07618178596582639,0.07651951214930408,0.07630738136363122,0.07634183673825023,0.07630023623986229,0.07626895647580724,0.07618226230741099,0.07584533002657429,0.0755077626236248,0.07567416461717656,0.07644250359312793,0.07726975014504085,0.07745171263035605,0.07785866712412819,0.07819988647922624,0.07819671086866228,0.07820877818880534,0.0781398674395673,0.07823974039180401,0.07829690138195537,0.07723402452619624,0.07630484087518004,0.0759985532362856,0.07581373270146284,0.07548394554439505,0.07563304046037322,0.07574101121954803,0.07582119538628815,0.07609477423637374,0.07668654926496865,0.07662160802893557,0.07677244953072392,0.07698473909692498,0.07655777825659987,0.07627943599066832,0.07606238300862131,0.07605873105647275,0.07588708930549043,0.07545393602456558,0.07462208483733491,0.07444520332892206,0.0738210370725747,0.07345822356564169,0.0735123677257573,0.0735580965178784,0.07356317749478074,0.07343234233954538,0.07355285676044786,0.07351617845843406,0.07337692793520419,0.07340439696658248,0.07340169769760312,0.07341614672566915,0.07345377771085214,0.07338185013157833,0.0733388206084366,0.07323386667929756,0.07306873492997136,0.07305777907352569,0.07308096103064263,0.07303554979957792,0.0730203068688709,0.07304237736229045,0.07293361270047465,0.07295742977970439,0.07297362539358061,0.07299125003221062,0.07296505124505791,0.07298251710315971,0.07296330465924772,0.07292297440508537,0.07294059904371537,0.07292599123512113,0.07297648344308817,0.07297823002889836,0.07286390804859562,0.0728923297631431,0.07292757904040312,0.07288502585884599,0.0728194495007001,0.07283389852876614,0.07277641997755838,0.07267210117053212,0.07261954481569849,0.07260811261766822,0.0726276426226366,0.07261097066717578,0.07267241873158851,0.07271116118046889,0.07276054192473855,0.07277864290495314,0.07275292045938503,0.07288645488359977,0.072937899774736,0.07296235197607853,0.07297029100248845,0.07297378417410881,0.0729105895238859,0.07290582610803996,0.07292345074666996,0.0729469502648433,0.07303554979957792,0.07299061491009783,0.07292345074666996,0.0728918534215585,0.07284326657992984,0.07284390170204263,0.07280261876471109,0.07285311097267813,0.07279896681256252,0.07275514338677981,0.07268813800388015,0.07272624533064773,0.07277626119703018,0.0726825806853932,0.07274498143297511,0.07272116435374539,0.07279071022509621,0.07265050701869716,0.07266987824313734,0.07270322215405897,0.07272751557487331,0.07264574360285121,0.07258413675791028,0.072574292365162,0.07255047528593225,0.07251649625289783,0.07243186623136816,0.0724733079492279,0.07242138671650707,0.07233850328078759,0.07223323179059213,0.07225292057608872,0.07223148520478195,0.07228038960746702,0.07228023082693882,0.07219544202488096,0.07216209811395932,0.07209922102479281,0.07205603272112288,0.07204618832837459,0.07204317149833882,0.07197505465174177,0.0719540956220196,0.07192519756588751,0.0719174173200058,0.07193885269131256,0.07192456244377472,0.07194059927712275,0.07191535317313923,0.07186867169784894,0.07188693145859174,0.07188264438433038,0.07184755388759857,0.07177753167466314,0.07164050407882804,0.07158826528505081,0.07156889406061062,0.07147823037900942,0.0714893450159833,0.07140074548124867,0.07135803351916334,0.07123053275502014,0.07111097101728685,0.07109096467073388,0.07109652198922081,0.07099950708649168,0.07094552170690427,0.0709436163405659,0.07096568683398545,0.07095695390493455,0.07086533754016415,0.07083548680086288,0.07093980560788914,0.0709513965864476,0.07093170780095102,0.07094393390162229,0.07094806219535545,0.0708701009560101,0.07075911336679952,0.07074434677767708,0.07072052969844735,0.07069226676442805,0.07055714453493134,0.07049331476259563,0.07044520426255156,0.0704509203615667,0.0704050327889174,0.07043710645561345,0.07033421667334099,0.07030388959245511,0.07028817032016349,0.07033659838126395,0.0702505393349805,0.07021322591085391,0.07020179371282363,0.07016368638605605,0.07009445807576162,0.06998505829183302,0.06998743999975598,0.06997965975387427,0.06998092999809986,0.0698583514303308,0.06991868803104614,0.06989614119604198,0.06983040605736791,0.06981071727187133,0.06982453117782457,0.06981643337088646,0.06982818312997313,0.06978880555897997,0.06975371506224814,0.06979515678010789,0.0698121462966251,0.06981849751775304,0.06979055214479014,0.06977054579823716,0.06970512822061949,0.0697499043295714,0.06974307676685887,0.06973513774044895,0.06964447405884774,0.06970084114635813,0.0696408221066992,0.06965066649944748,0.06975355628171995,0.0697584784780941,0.06982977093525512,0.06979150482795933,0.0697765794583087,0.06980071409859484,0.0699217048610819,0.06988073948480676,0.06991662388417956,0.06986343240723315,0.06981754483458386,0.06981833873722484,0.06985533460029504,0.0699132894930874,0.06995552511358813,0.06994377535450147,0.07005793855427601,0.0701311363777754,0.07013780515995974,0.07023259713529409,0.07032802423274125,0.07039677620145109,0.07038788449187199,0.07042503913547038,0.07047267329392987,0.07054984063063421,0.07043678889455705,0.07042297498860381,0.0705063347659079,0.0705244357461225,0.07060223820493963,0.07065431821818867,0.07071417847731941,0.07081643313747908,0.0708891546193939,0.0709151946260184,0.07102078367727024,0.07107683320372422,0.07110334955193334,0.07120608055367761,0.07153158063648404,0.07220242836812167,0.07305047516922857,0.07420655619504007,0.07584358344076411,0.07777371954154212,0.07991471618376741,0.08230753874371516,0.0851004882347225,0.08782817892864035,0.0902565683269045,0.09230309055485184,0.09427276300715122,0.09588533805153272,0.09713922788271435,0.0979650454098735,0.09865859875704348,0.09908031983993805,0.0991671727888625,0.09924497524767964,0.09934500698044454,0.09950632799709397,0.09956301264566075,0.09965828096257971,0.09965161218039538,0.0998046766095785,0.09989867468227187,0.10001093251570803,0.10015685182112223,0.10018257426669035,0.10027006233772759,0.10041185334940864,0.10054792826207454,0.1005887348578215,0.10064605462850107,0.10084103711712852,0.10095678812218506,0.10104427619322229,0.10098425715356335,0.10116510817518116,0.10119146574286207,0.10120988428413308,0.10129292650038076,0.101380414571418,0.10144646727114848,0.10144297409952811,0.10147250727777299,0.10145996361604533,0.10155602583560527,0.10156983974155852,0.1016165212168488,0.10160508901881854,0.10155618461613347,0.10159238657656268,0.10165113537199603,0.10165018268882685,0.10157619096268646,0.1016451017119245,0.10163652756340179,0.10164303756505792,0.10157857267060942,0.10152236436362724,0.10151394899563274,0.10143106555991324,0.10133119260767655,0.1012902272314014,0.10126879186009463,0.10113763914380287,0.10105046863382203,0.10099283130208606,0.10099378398525524,0.10098124032352758,0.10100172301166516,0.10094186275253442,0.10092836640763757,0.10077339661211607,0.10069194220115035,0.10063509877205538,0.10058762339412411,0.10048663897819002,0.10034707089390374,0.10024751550272344,0.10013763937721025,0.10010699473526798,0.10010731229632437,0.10010302522206302,0.1000690461890286,0.10007142789695157,0.10001061495465163,0.09982515929771607,0.09979356197260462,0.09970115170519324,0.09961032924306383,0.09958508313908031,0.09942471480560007,0.09938978308939646,0.0992760962312065,0.09914192668487898,0.0990755564240921,0.09902236494714568,0.09895011980681548,0.09893725858403142,0.0989485320015335,