# R script for Peak Model
#  -- generated by MACS
p <- c(0.03878618642399142,0.04523463161719271,0.05169239537281192,0.05808609401180792,0.064412233073274,0.06453686884561369,0.06468363620369595,0.06445533142445688,0.06433768457393063,0.06435632169876647,0.0642643008948895,0.06443902394022552,0.06451357243956889,0.06462656000888618,0.06480477751512892,0.06475236060152811,0.06477682182787516,0.06484321658510284,0.06495270969351341,0.06492708364686413,0.06499813768530077,0.06482341463996476,0.06467548246158027,0.06462772482918842,0.06458113201709882,0.06446348516657256,0.0644471776823412,0.06448911121322184,0.06438427738602023,0.06431788262879255,0.06456365971256521,0.06456016525165849,0.06455783561105402,0.06465801015704667,0.06464519713372202,0.06481642571815133,0.06483855730389389,0.06489912795961036,0.06501793963043886,0.06486418335054317,0.0647605143436438,0.06496785235744254,0.06527420009693169,0.06518800339456592,0.06509248812978223,0.06493873184988654,0.06481992017905804,0.06482224981966252,0.06491776508444622,0.06511927899673375,0.06508433438766655,0.06491310580323725,0.06477216254666619,0.0647605143436438,0.06493407256867757,0.06496785235744254,0.06500629142741646,0.0649841598416739,0.06497134681834926,0.0648012830542222,0.06500279696650973,0.06519848677728608,0.06516354216821887,0.06514490504338304,0.06514490504338304,0.06508782884857327,0.06528235383904736,0.06515189396519648,0.06495853379502461,0.06507385100494639,0.06480943679633788,0.06474653650001691,0.06474420685941243,0.06470693260974075,0.06465684533674443,0.0648012830542222,0.06456133007196073,0.06476633844515499,0.06495387451381565,0.06492125954535292,0.06517519037124128,0.0650424008567859,0.06517752001184576,0.06532312254962577,0.06539767104896914,0.0654023303301781,0.06563296475002164,0.0656434481327418,0.06552347164161107,0.06551997718070435,0.06537437464292434,0.06561549244548805,0.06551065861828644,0.06546523062649906,0.0653965062286669,0.06524507958937568,0.0651064659734091,0.06503774157557694,0.06502376373195005,0.06533710039325265,0.06537670428352882,0.06519499231637936,0.06522644246453985,0.06544076940015202,0.06558986639883876,0.06576342462387254,0.06578322656901062,0.06578322656901062,0.06578672102991734,0.0656026794221634,0.06558870157853652,0.06568421684332021,0.06576575426447702,0.06578672102991734,0.06577856728780165,0.06564810741395076,0.06572615037420085,0.0659626088955556,0.06613267265968266,0.06615596906572746,0.06621188044023497,0.06607909092577961,0.06600803688734296,0.06593348838799959,0.06580419333445094,0.06604997041822361,0.06600570724673847,0.06591601608346599,0.06589621413832791,0.06609656323031321,0.06605812416033928,0.06627128627564922,0.066357482978015,0.0663143846268321,0.06640174614950012,0.06640640543070908,0.06641688881342925,0.06639126276677997,0.06654268940607118,0.06634001067348139,0.06637029600133963,0.0663807793840598,0.06634001067348139,0.06630040678320523,0.06644950378189196,0.0662969123222985,0.06638310902466428,0.06625497879141787,0.06609772805061545,0.06625264915081339,0.06630040678320523,0.06622935274476859,0.06626546217413802,0.06632486800955227,0.06644717414128748,0.06659510631967198,0.06666848999871311,0.06680244433347073,0.06687582801251185,0.06685486124707153,0.06672207173261616,0.0666393694911571,0.06654385422637342,0.06661141380390334,0.06649959105488829,0.06648444839095917,0.06630972534562316,0.06636097743892172,0.0664331962976606,0.06637612010285084,0.06661141380390334,0.06676633490410128,0.06699813414424706,0.06698648594122465,0.0670924845887285,0.06710296797144867,0.06724973532953092,0.06730098742282949,0.06733709685219894,0.06750017169451256,0.06770867452861352,0.06773197093465834,0.06776808036402777,0.06763645566987464,0.06740232678912438,0.06756074235022903,0.06738601930489302,0.06756423681113576,0.06765276315410601,0.06744658996060951,0.0671996480565346,0.06720314251744132,0.067182175752001,0.06715538488504948,0.06717518683018756,0.06694338759004177,0.06718450539260548,0.06709364940903075,0.06689795959825441,0.06713441811960916,0.06727303173557572,0.06726720763406453,0.0671588793459562,0.06741048053124006,0.06769003740377769,0.06785078260548683,0.0677948712309793,0.0678705845506249,0.06789504577697195,0.06776458590312105,0.06777972856705018,0.06777273964523674,0.06791950700331899,0.06797658319812876,0.06781001389490843,0.06795794607329292,0.06801385744780045,0.06791135326120332,0.06796726463571083,0.06802317601021836,0.06807792256442365,0.0681839212119275,0.06825846971127086,0.06845299470174497,0.0685787952943869,0.06853453212290177,0.06838310548361055,0.06833185339031199,0.06828759021882687,0.0682771068361067,0.06821653618039022,0.0684017426084464,0.06823167884431934,0.06808491148623709,0.06804297795535645,0.06790669397999435,0.06805113169747212,0.06810937271258413,0.06823983258643503,0.06835864425726351,0.06822003064129695,0.06803715385384525,0.0681000541501662,0.06798473694024444,0.06811752645469982,0.06831554590608063,0.06844950024083825,0.068685958762193,0.06878729812848788,0.06877215546455875,0.06898764722047318,0.06917168882822712,0.06931612654570489,0.06931962100661161,0.06916353508611144,0.06905870125890982,0.06890494497901413,0.06864519005161458,0.06852055427927489,0.06863820112980114,0.06868362912158851,0.06864635487191682,0.06855200442743538,0.06869760696521539,0.06873371639458484,0.06884204468269317,0.06889562641659622,0.06905637161830534,0.06916353508611144,0.06920430379668985,0.06915305170339128,0.06898065829865974,0.06913324975825319,0.06897599901745077,0.06915654616429799,0.06893057102566341,0.06910179961009272,0.06921245753880552,0.06924041322605928,0.06908898658676807,0.06895386743170821,0.06904355859498071,0.06889795605720068,0.06923109466364137,0.06919265559366744,0.06952229973920139,0.06950249779406331,0.069539772043735,0.06961781500398509,0.06972614329209341,0.06991251454045183,0.06996260181344816,0.06993814058710111,0.06956656291068652,0.06963528730851869,0.06970750616725757,0.06985310870503758,0.07004879851581393,0.07027710329505299,0.07075817407987815,0.07325671362818321,0.07727301403030713,0.08151878403197237,0.08612448350702978,0.09046926323438542,0.09591130368645125,0.10238537492630181,0.10836556235800258,0.11444010023418479,0.12005453409098216,0.1237807942378483,0.12611159966263077,0.12825603383905482,0.13010343883840764,0.13171322049610348,0.13228980654571235,0.1319228881505067,0.13182271360451406,0.1318355266278387,0.13194036045504032,0.1319578327595739,0.1317283631600326,0.1318005820187715,0.1319974366498501,0.13214653364853682,0.1322245766087869,0.1324621999504439,0.13257984680097012,0.13268118616726501,0.13273010861995913,0.13263808781608213,0.132802327478698,0.13299219318796313,0.13277437179144425,0.13283960172836967,0.1330143247737057,0.1328349424471607,0.13268468062817174,0.13265323048001126,0.13246918887225734,0.132744086463586,0.1330143247737057,0.1326194506912463,0.13270797703421655,0.13257169305885447,0.13262294515215303,0.13263575817547765,0.13281863496292937,0.1326485711988023,0.13292812807133994,0.13304111564065724,0.1327941737365823,0.13307140096851547,0.1333661005049822,0.1335315049879003,0.13350587894125104,0.13349073627732191,0.13358392190150112,0.13372253551746768,0.13362352579177728,0.13355247175334065,0.13379941365741554,0.13368409644749377,0.1334849121758107,0.1336584704008445,0.13383552308678498,0.13408130017055764,0.13418380435715477,0.13428048444224072,0.13456935987719626,0.1343759997070244,0.13437483488672217,0.13443424072213642,0.1345379097290358,0.13452276706510666,0.13435969222279304,0.1343876479100468,0.13413371708415844,0.13392521425005746,0.1337924247356021,0.13408362981116212,0.133714381775352,0.13355247175334065,0.13338473762981806,0.13327990380261645,0.1333742542470979,0.13334629855984415,0.1336386684557064,0.13392870871096418,0.13421408968501303,0.13430261602798327,0.1345379097290358,0.13490715776484588,0.13516807751254767,0.13542317315873825,0.13528688918337617,0.13525660385551794,0.13521350550433503,0.1353893933699733,0.1351971980201037,