# R script for Peak Model
#  -- generated by MACS
p <- c(0.037633776350432725,0.043973003570015816,0.050136824987892,0.05659606670337982,0.06307069489270158,0.06334303547956231,0.0632937987632937,0.06322609827842436,0.06308146542438534,0.06345843403331686,0.06366922872484182,0.0634722818597674,0.06369384708297612,0.06352151857603601,0.0633968881379811,0.06330303064759407,0.06292144609651236,0.06295068039679685,0.06313070214065394,0.06290913691744521,0.06271219005237079,0.06297683740231455,0.06294914174941346,0.06290759827006182,0.06289221179622788,0.06264910550965164,0.06290759827006182,0.06299376252353188,0.06306146300840121,0.06304607653456727,0.06320917315720703,0.06321532774674062,0.06310146784036946,0.06319840262552327,0.06324917798917527,0.06336457654292982,0.0636507649562411,0.06365845819315807,0.06354305963940353,0.06356460070277103,0.06366922872484182,0.06383232534748158,0.06391541230618486,0.06398465143843758,0.06391387365880147,0.06394926254861953,0.06377077945214583,0.06376924080476243,0.06366307413530825,0.06359691229782231,0.06365999684054147,0.06341073596443164,0.06338150166414716,0.06323071422057455,0.06318917074122292,0.0631922480359897,0.06315378185140486,0.06305530841886764,0.06308608136653551,0.06323994610487492,0.06340612002228146,0.06336611519031322,0.06339996543274788,0.06359075770828873,0.0634476635016331,0.06343073838041577,0.06341381325919843,0.06366307413530825,0.06374769974139492,0.06379539781028012,0.06361537606642303,0.06377539539429601,0.06385694370561588,0.06396003308030328,0.06421390989856329,0.06424622149361456,0.06456164420721032,0.06421852584071347,0.06449086642757419,0.06453702584907602,0.06461088092347893,0.0645939558022616,0.06465396305021395,0.0646154968656291,0.06462472874992947,0.06480782778855335,0.06446624806943989,0.06459241715487819,0.06432007656801747,0.06424929878838134,0.06424776014099795,0.06430930603633371,0.0642354509619308,0.06422314178286365,0.06415697994537771,0.06396926496460364,0.06410004999219214,0.06414159347154377,0.0642893036203496,0.06425391473053153,0.06414774806107734,0.06392464419048523,0.06395849443291989,0.0640831248709748,0.06440624082148753,0.06453548720169262,0.0647185862403165,0.06474012730368402,0.0646924292347988,0.0646924292347988,0.06476012971966814,0.06495707658474256,0.0649709244111931,0.06486321909435554,0.06472320218246669,0.06477859348826887,0.06461241957086232,0.06467858140834826,0.06471397029816632,0.06482475290977069,0.06483706208883784,0.0648185983202371,0.06495246064259239,0.06470935435601614,0.06488476015772306,0.0647170475929331,0.06470781570863275,0.06458318527057784,0.06464626981329699,0.0647939799621028,0.06483398479407106,0.06477705484088547,0.06476474566181832,0.06482629155715408,0.06452317802262547,0.06456318285459371,0.0645677987967439,0.06470627706124935,0.06457856932842765,0.06447240265897347,0.0644170113531713,0.06434469492615177,0.06429084226773299,0.06436469734213589,0.06446009347990632,0.06443393647438862,0.06447547995374026,0.06460164903917856,0.0646708881714313,0.06476012971966814,0.06494322875829202,0.06524788094020402,0.0650770910806473,0.06518633504486826,0.06519710557655202,0.06546483022126257,0.06548175534247991,0.065357124904425,0.06550175775846402,0.06545559833696221,0.06542790268406111,0.06533558384105748,0.06555714906426621,0.06545098239481202,0.06557407418548354,0.06532019736722354,0.06531865871984015,0.06529404036170584,0.06521249205038596,0.06532481330937372,0.0653048108933896,0.06528480847740548,0.06538635920470948,0.06560638578053482,0.0654832939898633,0.06565100655465324,0.06582641235636015,0.0658910355464627,0.06575717322410743,0.06566485438110378,0.06581718047205978,0.06588334230954572,0.06585872395141143,0.06577102105055797,0.06588180366216233,0.06582948965112694,0.06551098964276439,0.06555561041688282,0.06578486887700852,0.06581871911944318,0.06570947515522221,0.06575563457672402,0.06569101138662148,0.06577255969794137,0.06572486162905615,0.06586641718832839,0.06607721187985337,0.06622492202865918,0.06596950656301578,0.0658910355464627,0.06597104521039918,0.06605413216910246,0.06626031091847724,0.06642186889373361,0.0664988012629033,0.0663464751719473,0.066271081450161,0.06607413458508658,0.06614183506995591,0.06636493894054804,0.06634032058241374,0.06626031091847724,0.06589872878337967,0.06571409109737239,0.06577102105055797,0.0658402601828107,0.06574794133980706,0.065814103177293,0.06612183265397178,0.06603566840050173,0.0659910476263833,0.06601566598451761,0.06617722395977398,0.06626800415539422,0.06623876985510974,0.06618337854930754,0.06643571672018415,0.0664988012629033,0.0664249461885004,0.0665511152739387,0.06663420223264198,0.0667311370177958,0.06672344378087883,0.06687423122445144,0.06677729643929761,0.0669326998250204,0.06699578436773955,0.06694962494623774,0.0668819244613684,0.066829610450333,0.06687884716660161,0.06694039306193737,0.06694193170932076,0.0668326877450998,0.0669603954779215,0.06678498967621459,0.06672498242826222,0.0668342263924832,0.06700655489942331,0.06709733509504355,0.06704655973139155,0.06677114184976404,0.06684961286631713,0.06679883750266513,0.06700193895727313,0.0671388785743952,0.06727735683890065,0.06735736650283713,0.06745891723014114,0.0672650476598335,0.06732967084993605,0.06768202110073326,0.06769586892718381,0.06794512980329362,0.0678758906710409,0.06792820468207629,0.06796667086666114,0.06796051627712757,0.06783742448645605,0.06786665878674053,0.06797282545619472,0.06796051627712757,0.06798667328264527,0.06794820709806042,0.06806514429919835,0.0682066998584706,0.0682313182166049,0.06827440034333992,0.0681805428529529,0.06822516362707133,0.06814207666836805,0.06802052352507992,0.06809899454163303,0.06791435685562575,0.06770663945886757,0.06762662979493107,0.06766355733213253,0.06764355491614842,0.06769279163241702,0.06788819985010805,0.06799590516694562,0.06803437135153048,0.06790820226609218,0.06787281337627411,0.06807283753611533,0.06793128197684307,0.06794205250852683,0.06817131096865253,0.06881138828014442,0.06911911775682321,0.07158556951240372,0.07601841262396171,0.08096054801942308,0.08602423655817258,0.09073095890397469,0.09671629722537718,0.10390178050582695,0.11098263576420592,0.11759881951279992,0.12405959987567114,0.12871246956305446,0.1312712401616386,0.1335330518152277,0.1354178948598853,0.13771971134544267,0.13894139736785746,0.1387290640289491,0.1380905253648406,0.13777664129862824,0.13804898188548897,0.13792896738958424,0.1382428514557966,0.1380459045907222,0.1381397620811092,0.1380397500011886,0.13800282246398715,0.13837825242553528,0.1385952017065938,0.13866136354407976,0.13871829349726533,0.13876906886091733,0.1386044335908942,0.13884753987747042,0.13933529109800633,0.1392814384395875,0.13944607370961068,0.1388583104091542,0.13889523794635564,0.1391598852962994,0.1394414577674605,0.13936914134044098,0.13914449882246546,0.13913372829078172,0.1385505809324754,0.1389567838416914,0.13913218964339832,0.13940606887764243,0.13943376453054354,0.1392645133183702,0.1389583224890748,0.13904756403731164,0.13948915583634572,0.13950608095756303,0.13995844328828086,0.13963532733776812,0.13932759786108934,0.13943376453054354,0.13999690947286572,0.14032002542337846,0.14039080320301456,0.14039541914516476,0.1405846727733222,0.14093702302411942,0.14097395056132087,0.14116474283686173,0.14132783945950148,0.14095240949795337,0.14065698920034173,0.14095548679272016,0.14101241674590573,0.14103241916188985,0.14090317278168477,0.14073238292212803,0.14067083702679226,0.1406123684262233,0.14048004475125142,0.14096164138225373,0.1409416389662696,0.14019539498532355,0.13993074763537977,0.14012307855830403,0.13980303990255807,0.1395430084947645,0.13947992395204534,0.1396722548749696,0.13965840704851903,0.13948761718896233,0.13954916308429807,0.1399984481202491,0.1401800085114896,0.14029694571262755,0.14019693363270694,0.14042926938759942,0.14072622833259446,0.14075853992764573,0.14107396264124147,0.14100933945113894,0.14092009790290208,0.14110319694152595,0.14136784429146973,0.14129091192230003,