# R script for Peak Model
#  -- generated by MACS
p <- c(0.038556490669990555,0.044901028864476514,0.05130291192341264,0.05777434088178832,0.0641286399042658,0.06441292401951873,0.06470940916976105,0.06466914575429604,0.06479359631118789,0.06460204006185437,0.0642982342906184,0.0644458668139901,0.06458007819887346,0.06453493436941268,0.06457153747438088,0.06446538846997313,0.06421526725269051,0.06415670228474141,0.06419818580370536,0.06405665379782836,0.06431897605010038,0.06424698994366294,0.06417256363022762,0.06412619969726792,0.06417988425122126,0.06420184611420218,0.06437266060405372,0.06443854619299647,0.06441170391601979,0.06461180088984589,0.06455445602539572,0.06458983902686496,0.06452517354142118,0.06454713540440209,0.06464474368431726,0.06451785292042754,0.06432385646409614,0.06435191884457175,0.06428359304863113,0.06430067449761628,0.06429335387662265,0.06445806784897949,0.06448735033295404,0.06453127405891587,0.06457275757787982,0.06457153747438088,0.06475821330971863,0.06489852521209669,0.06504249742497156,0.06494244893805852,0.06493634842056382,0.0647045287557653,0.06453493436941268,0.06478749579369318,0.0646276622353321,0.06458495861286921,0.06452883385191799,0.0643445982235781,0.06413352031826156,0.06423478890867354,0.06415060176724671,0.06420184611420218,0.06451541271342966,0.06434947863757387,0.06438242143204524,0.06458617871636815,0.06478383548319637,0.06474845248172711,0.0649790520430267,0.06511814384190583,0.06515352684337507,0.06536338464519269,0.06518158922385069,0.0651974505693369,0.06536216454169375,0.06530603978074252,0.06507788042644082,0.06526211605478069,0.06515596705037295,0.06508886135793127,0.06501199483749807,0.06475943341321758,0.0649851525605214,0.06488144376311154,0.0646740261682918,0.06471306948025787,0.06477041434470804,0.06466548544379923,0.06481921848466561,0.06484606076164229,0.06503273659698004,0.065256015537286,0.06511082322091219,0.06524869491629236,0.06525723564078494,0.06518158922385069,0.06528041760726479,0.06543903106212694,0.06540486816415662,0.06548295478808877,0.0656659703129297,0.06549027540908241,0.06570135331439896,0.0656318074149594,0.06571111414239048,0.06584654563077277,0.06587460801124838,0.06567451103742228,0.06582336366429291,0.06561472596597424,0.06539510733616512,0.0652035510868316,0.06498393245702247,0.06497661183602883,0.0650437175284705,0.06480213703568047,0.06472771072224515,0.06483141951965501,0.06465694471930665,0.06486924272812214,0.0650498180459652,0.0654036480606577,0.06562692700096363,0.06561594606947319,0.0657245352808788,0.06603566167310841,0.0661893947139748,0.06626748133790693,0.06620281585246313,0.06632238599535921,0.06616987305799177,0.06612716943552888,0.06588070852874307,0.06603810188010628,0.06584044511327806,0.06582946418178762,0.06571477445288729,0.06577089921383851,0.06584532552727383,0.06560862544847955,0.0658136028363014,0.06586728739025474,0.06611130809004266,0.06620403595596207,0.0662540601994186,0.06616011223000025,0.06625772050991542,0.06611130809004266,0.0662015957489642,0.06613449005652251,0.06599173794714658,0.06607836529557129,0.06595269463518051,0.06582946418178762,0.06600515908563491,0.06585874666576216,0.06573917652286608,0.0659185317372102,0.06583922500977912,0.0658721678042505,0.06605030291509568,0.066164992643996,0.06623697875043344,0.06627968237289633,0.0661771936789854,0.06642121437877332,0.06655908607415349,0.06627358185540164,0.06645903758724045,0.06663717269808564,0.06663229228408987,0.0664175540682765,0.06642853499976696,0.06645049686274787,0.06651028193419592,0.06655054534966093,0.06667865621704958,0.06667499590655276,0.06675674284098171,0.06673356087450186,0.06680798718793718,0.0669812418847866,0.06709715171718586,0.06698002178128766,0.06706664912971237,0.06692633722733432,0.06705444809472298,0.06737045490094834,0.067215501756583,0.06719720020409892,0.06728870796651938,0.06725454506854907,0.06726674610353847,0.06737045490094834,0.06724112393006074,0.06727772703502893,0.06689949495035764,0.06670427839052731,0.06671769952901564,0.06669817787303262,0.06663839280158457,0.0666823165275464,0.06661643093860366,0.06665791445756761,0.06686045163839158,0.06688363360487143,0.06701052436876115,0.06730822962250242,0.06742291935140274,0.06756445135727973,0.067498565768337,0.06744854152488047,0.06747538380185715,0.06742535955840062,0.0672801672420268,0.06736557448695257,0.06732897138198439,0.06727528682803105,0.06722892289507135,0.06719109968660422,0.06732409096798864,0.06724478424055756,0.06729480848401408,0.06743146007589532,0.06751808742432003,0.06751076680332639,0.06774746688212067,0.06777796946959416,0.06777186895209947,0.06780603185006978,0.06778162978009099,0.06795976489093616,0.06801832985888527,0.06787069733551358,0.06778406998708887,0.06789021899149661,0.06777552926259629,0.06758153280626489,0.0675327286663073,0.06741925904090593,0.06748880494034548,0.067397297177925,0.06731555024349606,0.06744488121438365,0.06756079104678292,0.06762667663572565,0.067760888020609,0.06799270768540754,0.06823428817819759,0.06833677687210851,0.06824892942018486,0.06828675262865198,0.06828919283564987,0.06836971966657987,0.06848074908498337,0.06850027074096642,0.06853199343193885,0.06851125167245688,0.06856371612291128,0.06863082181535295,0.0687650332002363,0.0688943641711239,0.06901271421052105,0.06906639876447439,0.06907371938546802,0.06923355294382912,0.06927137615229624,0.06926283542780368,0.06905541783298394,0.06898099151954862,0.06878211464922146,0.06878577495971828,0.06907859979946379,0.06903467607350196,0.06902369514201151,0.06916888745838531,0.06917254776888214,0.06919816994235987,0.06942266898616475,0.06958494275152373,0.06983506396880634,0.06985702583178725,0.0696422876159739,0.06975575724137527,0.06962642627048768,0.06929577822227503,0.06933360143074217,0.06944951126314143,0.06950197571359583,0.0696239860634898,0.06956664119903963,0.0696056845110057,0.0696056845110057,0.06968377113493783,0.06980700158833074,0.06952393757657675,0.06943975043514991,0.06949099478210538,0.06973989589588905,0.07019133419049671,0.07242290349005726,0.07638335944761522,0.08051707010202261,0.08512540101751752,0.08968980820705058,0.09546943848152752,0.10204945665130882,0.1084037556737863,0.11470559024580937,0.12040591379285522,0.12451278217028594,0.12675289219433905,0.12907474915282113,0.13087074150326025,0.1327704426511092,0.13393808169959442,0.13360621354788285,0.13362207489336905,0.13332925005362356,0.133420757816044,0.13352324650995495,0.13386121517916122,0.1339722445975647,0.13362573520386586,0.13359035220239662,0.13369284089630756,0.13370138162080014,0.133401236160061,0.13340245626355993,0.13353056713094857,0.13358181147790404,0.13330728819064264,0.13287293134502012,0.13315965566727095,0.13323652218770413,0.13302666438588653,0.13303154479988227,0.13341221709155143,0.13359767282339027,0.13360011303038813,0.13376360689924605,0.1337806883482312,0.13401738842702549,0.13417722198538656,0.134128417845429,0.13405887194598942,0.13417234157139082,0.13389781828412942,0.13375628627825242,0.13373554451877043,0.13361231406537755,0.13380631052170894,0.13395760335557744,0.13378800896922485,0.133946622424087,0.1339161198366135,0.13394296211359016,0.13429923233528054,0.13428093078279643,0.13439684061519572,0.1342919117142869,0.13407351318797672,0.13423578695333568,0.13416624105389613,0.13417722198538656,0.1341381786734205,0.13401738842702549,0.1340552116354926,0.13406009204948838,0.1338697559036538,0.13411743691393854,0.13434925657873706,0.13416502095039717,0.13427849057579858,0.13429069161078797,0.1345627746910515,0.1348678005657864,0.13484705880630443,0.1350190933996549,0.135037394952139,0.13491172429174822,0.1348836619112726,0.135219190373481,0.13524603265045768,0.13512402230056372,0.13525945378894602,0.1352252908909757,0.1351606254055319,0.13505081609062733,0.13510694085157857,0.13484583870280548,0.13466038297096666,0.1343748787522148,0.13448102775662255,0.13450909013709814,0.1344737071356289,0.13458351645053346,0.1346152391415059,0.13491172429174822,0.1350093325716634,