# R script for Peak Model
#  -- generated by MACS
p <- c(0.03887871709842943,0.04535142154796759,0.051850273936706034,0.0585223564226464,0.06499723986711792,0.0651465010200529,0.06515739599471969,0.06508439966445222,0.06519552840605344,0.06526089825405416,0.06535132654378849,0.06548315573725662,0.0656171639256581,0.06533280508685496,0.06540362242218907,0.0655452570928573,0.06546899227018979,0.06552891463085712,0.06550058769672347,0.06543194935632272,0.06534914754885514,0.0651465010200529,0.06503973026831839,0.06512797956311936,0.06498307640005109,0.06481638328764926,0.06490899057231694,0.06482074127751597,0.06477607188138214,0.06493078052165052,0.06493840700391727,0.06500704534431802,0.06497871841018438,0.06483163625218276,0.06509311564418564,0.0651312480555194,0.06497327092285099,0.06494930197858405,0.06503537227845167,0.06493731750645058,0.06484144172938286,0.06489373760778344,0.06493622800898391,0.065156306497253,0.0650081348417847,0.06515412750231965,0.06518681242632,0.06525327177178741,0.06525218227432074,0.06525436126925409,0.06548206623978994,0.06561389543325806,0.0655812105092577,0.06574572462672619,0.0656422223673917,0.06543630734618944,0.0657446351292595,0.06579911000259343,0.06586992733792756,0.06581545246459362,0.06582743693672709,0.06579366251526005,0.06599304055166225,0.06589607527712785,0.06614448069953059,0.06628066788286542,0.0661128852729969,0.06619568708046449,0.06607802135406318,0.06604315743512947,0.06605405240979625,0.0661183327603303,0.06592222321632814,0.06575226161152625,0.06572393467739261,0.06571521869765919,0.06574136663685946,0.06575770909885965,0.06569560774325896,0.06583288442406048,0.06599521954659561,0.06590805974926131,0.06585903236326077,0.06613903321219719,0.06591677572899474,0.06568580226605886,0.06560517945352463,0.06569451824579228,0.06581436296712694,0.06569233925085893,0.0656781757837921,0.065729382164726,0.06583833191139388,0.06572284517992594,0.06581327346966026,0.06584377939872726,0.0658731958303276,0.06583942140886055,0.06577405156085983,0.06593747618086164,0.06579802050512676,0.06566183332179193,0.06585467437339405,0.06581327346966026,0.0658317949265938,0.06599739854152896,0.06621094004499799,0.0661488386893973,0.06634059024353275,0.06614230170459723,0.06621638753233139,0.06636020119793297,0.06627630989299871,0.06622728250699816,0.06636129069539964,0.06634494823339947,0.06627848888793207,0.06617825512099763,0.06608673733379662,0.06612269075019701,0.06605623140472962,0.06596144512512857,0.06583070542912713,0.06598323507446215,0.065970161104862,0.06592004422139477,0.0658775538201943,0.06612595924259705,0.06603553095286271,0.06607911085152987,0.06608346884139658,0.06626977290819863,0.06617062863873088,0.06602790447059596,0.06602681497312929,0.06622728250699816,0.0663689171776664,0.06611506426793026,0.06627413089806536,0.06631008431446575,0.06661841209753583,0.06653016280273485,0.06666526048860301,0.06685701204273846,0.06682105862633807,0.06681779013393803,0.06673280933153708,0.06689623395153889,0.06695942480460626,0.06723724665860932,0.06706401656140741,0.06712720741447478,0.06714572887140831,0.06708144852087428,0.0673309434407437,0.0674072082634112,0.06726666309020965,0.06732440645594362,0.06732876444581033,0.06723833615607601,0.06708035902340759,0.06698448324633986,0.06701934716527358,0.06713483389674153,0.06706619555634077,0.06713483389674153,0.06726448409527629,0.06721981469914247,0.06709670148540778,0.06699646771847333,0.06719693525234222,0.06729390052687662,0.06740393977101117,0.06744643017221164,0.06728518454714319,0.06714246037900828,0.06719148776500881,0.06707273254114084,0.0672437836434094,0.06729825851674333,0.06727537906994308,0.06720565123207564,0.06717950329287535,0.06707055354620749,0.06714899736380835,0.06713265490180817,0.0671566238460751,0.06731677997367687,0.06708580651074099,0.06730152700914337,0.06731133248634348,0.06720456173460897,0.06727102108007636,0.06733856992301045,0.06729825851674333,0.06745732514687842,0.06751071052274568,0.06768611961488095,0.06792036157021687,0.0677035515743478,0.06783864926021596,0.06806744372821849,0.06808269669275199,0.06814044005848596,0.06825701628742059,0.06827553774435413,0.06823740533302038,0.06803693779915149,0.06813608206861925,0.06810775513448561,0.06805872774848507,0.06809903915475218,0.06816331950528622,0.06809359166741878,0.06844332035422264,0.06835725005435503,0.06844876784155604,0.06862090844129128,0.06841608291755567,0.06856752306542402,0.06845966281622283,0.06828316422662088,0.06818184096221976,0.06816331950528622,0.06766977715288076,0.0676327342390137,0.06775802644768174,0.06762074976688023,0.06766215067061401,0.0675248739898125,0.06753903745687932,0.06775257896034835,0.0678931241335499,0.0678876766462165,0.06810448664208557,0.06812409759648579,0.06793779352968372,0.06813063458128586,0.06806308573835178,0.06815569302301946,0.06812409759648579,0.06816223000781954,0.06805545925608503,0.06820689940395337,0.06809032317501874,0.06812300809901911,0.06807615970795193,0.0680107898599512,0.06827989573422084,0.06816005101288618,0.06830604367342114,0.06829841719115438,0.06825156880008719,0.06811538161675236,0.06828425372408756,0.06842806738968914,0.06846184181115618,0.06842261990235575,0.06827444824688744,0.06843133588208918,0.0683997404555555,0.06842261990235575,0.06864596688302488,0.06866775683235846,0.06863398241089141,0.06867429381715853,0.06884752391436044,0.06876581160435954,0.06882137597516015,0.06874293215755929,0.06884643441689377,0.06883771843716034,0.06876145361449283,0.0690599759203628,0.06908176586969636,0.06897172662556182,0.06900876953942889,0.06909375034182982,0.06906760240262955,0.06930729184529885,0.06937919867809965,0.06938900415529976,0.06932145531236568,0.06910791380889665,0.06904581245329597,0.06895429466609496,0.06876363260942618,0.06893686270662809,0.06901203803182893,0.06892052024462791,0.068716784218359,0.06884534491942709,0.06894013119902813,0.06909266084436315,0.06916129918476391,0.0691874471239642,0.06938028817556632,0.06939009365276644,0.06969297394850311,0.0702006797679754,0.07263134861613557,0.07667447371498023,0.08076117871249204,0.08509193114253986,0.08973210085312446,0.09534410230398645,0.10173291544859034,0.1079136345770586,0.11365964421632208,0.11932394154558464,0.12324286393322792,0.1251157100784486,0.12694606582246884,0.12884397040942314,0.13069502660531024,0.13167557432532107,0.13141518443078487,0.13144242186745184,0.13146639081171876,0.1316428894013207,0.13152631317238608,0.13160911497985367,0.13195993316412422,0.13190872678319032,0.13168211131012114,0.13167775332025441,0.13187168386932324,0.1316123834722537,0.1316167414621204,0.13176927110745543,0.13210592582465916,0.13234343627239512,0.13238701617106227,0.13237285270399543,0.1322530079826608,0.1320677934133254,0.13207977788545885,0.13246437049119644,0.13266810651746536,0.13238701617106227,0.13213752125119282,0.1320416454741251,0.13180304552892247,0.13181611949852262,0.13182810397065609,0.13200787105265807,0.1320154975349248,0.1316472473911874,0.1315459241267863,0.13173440718852172,0.1318379094478562,0.13190218979839025,0.13211246280945924,0.13224320250546068,0.13236849471412873,0.1323390782825284,0.1322268600434605,0.1326190791314648,0.1328042937008002,0.13275417681733298,0.13285767907666746,0.13303199867133605,0.13305705711306967,0.13326841962160532,0.13330110454560568,0.13331417851520583,0.13342748625174042,0.1331213374636037,0.13285767907666746,0.1327683402843998,0.13278250375146664,0.13252974033919718,0.13242188008999597,0.13243386456212944,0.13238265818119554,0.1322835139117278,0.13242950657226274,0.13266374852759866,0.13284896309693403,0.13285005259440072,0.1327530873198663,0.13303090917386937,0.1334634396681408,0.13316927535213757,0.1333109100228058,0.13351137755667467,0.13323791369253832,0.13311371098133695,0.13323246620520493,0.13314530640787064,0.1332281082153382,0.13337083238347314,0.13333378946960606,0.13362904328307598,0.13359526886160894,0.13365737021720964,0.13384367428401167,0.13389270167001222,0.13401908337614696,0.1338981491573456,